-647 623 832 978 -488 -430 472 837 -481 -148 647 690 -916 -788 -128 705 320 203 -916 -193 830 513 -61 -604 333 132 381 611 -796 159 681 879 -7 -923 712 668 691 -618 -925 990 237 253 -941 458 503 897 609 500 730 435 183 -415 962
-221 339 250 737 758 849 -116 -470 -123 -70 -616 -203 936 391 337 -562 -260 337 -768 -405 -849 971 139 808 -556 -104 858 -4 -853 926 997 -252 -316 -890 373 178 -740 781 556 -848 531 275 365 161 478 44 263 -617 269 -603 404 -646 -329 -70 -307 940 -632 901 833 882 -732 -928 -412 283 431 448 -280 -299 846 445 -306 -644 -676 924
744 201 374 -210 -862 109 743 812 319 488 -792 67 -620 547 907 -48 -951 -334 229 484 -34 -537 176 -312 944 -641 675 694 95 -700 -120 -53 34 -588 -466 -484 893 970 95 -629 356 -71 -471 -956 621 368 -840 -69 -159 -974 -857 -224 -380
-455 -418 542 646 793 911 -931 -674 193 -466 -950 -819 -13 -484 119 494 701 521 261 -762 397 -925 -587 569 257 -643 -528 983 -43 -611 732 175 -527 74
254 117 -449 -290 -75 -259 763 904 -886 409 777 -945 516 -616 168 -269 358 -603 340 867 -925 47 -429 511 -845 309 -582 415 -859 -526 731 -138 995 611 372 260
-904 695 697 535 -407 -156 -978 -20 737 508 -681 -667 584 -434 -201 435 805 45 -202 1 531 -913 -821 -795 -734 451 663 857 -342 -266 -114 -285 151 914 -416 -999 857 311 -763 843 155 -803 258 -517 897 -266 -336 89 -833 -626 -323
-579 43 -480 -667 644 264 413 251 830 319 -682 -489 443 532 -581 -371 614 -349 558 -516 363 -983 732 -858 592 -429 221 -375 313 -483 -762 734 271 65 -431 -650 -299 -740 280 -363 -638 -493 -123 -404 690 -184 -239
835 759 -995 -588 -632 -80 15 217 463 555 717 716 -74 -64 929 -820 -20 823 -839 558 -398 -900 -449 766 81 939 176 68 322 327 -167 -984 -984 -512 -820 -981 604 194
-705 -991 -920 -476 -25 -908 182 -981 -141 704 -514 -57 -282 423 -975 512 -296 423 244 -203 -887 384 -677 -888 -81 -868 202 269 -29 719 -22 226 902 828 729 113 317 -960 -493 183 -964 -547 570 -829 -354 -814 12 284 996 -425 278 887 -853 968 -501 -613 677 -583 531
588 678 18 299 879 -168 -402 -666 176 -634 -438 -967 811 -914 -468 379 574 596 -439 -899 -427 483 181 823 673 137 -889 -280 332 -160 -815 -975 149 -440 230 -629 316 -806 -10 517 -296 377 297 -957 661 -813 409 634 -706 8 762 -686 -329 571 588 827 -798
-296 -646 -47 -526 -746 -519 243 -552 25 418 -671 44 -162 -439 -471 884 -722 -327 -211 -602 -519 -563 248 461 -382 -126 778 177 780 -813 493 -317 78 -456 855 -286 554 727 929 -575 -455 -723 506 843 -502 977 457 830 421 374 -820 -708 -97
19 210 -140 -580 -357 -577 -669 622 -814 -548 -5 926 -151 -403 91 -178 -104 -889 -873 679 -466 66 -91 -775 167 -830 55
-178 187 -98 158 756 -933 872 -496 -193 342 77 -92 -827 -758 -851 975 -302 747 679 -635 -458 689 -460 -208 855 -271 140 -777 272 484 -695 -311 959 147 -695 -933 -626 -102 849 15 50 -202 -327 502 220 -318 -218 985 -13 751 320 155 867 780 237 529 900 813 388 442 -295 215 438 922 -90 -441 -727 380 354 80 -709 -672 847 -450
-633 726 -241 103 -131 375 -852 -58 -200 426 -947 369 -636 -185 -601 841 38 346 480 -893 455 495 -616 830 -221 -526 -461 -986 -594 921 396 -812 418 -64 777 -708 -495 -402 596 331 -174 411 -39 -125 -985 -357 16 499 841 -530 -359 -87
-640 -629 515 656 93 545 61 435 -336 -218 -948 559 365 844 -947 -751 10 64 -167 378 782 672 -457 -298 90 153 -449 51 916 245 -382 -850 552 120 379 199 733 -215 -219 -519 -232 -747 -751 -366 -998 330 -5 143 -1 281 142 -722 -930 38 -27 735 264
-599 -973 451 505 -68 0 -482 855 -2 214 -583 -290 327 -516 -860 -848 -453 77 -367 -825 751 -806 345 -230 792 -454 945 796 971 -579 602 -836 -570 437 190 775 35 -817 -588 639 681 -527 583 969 999 774 -852 -373 539 -486 -62 510 -313 -571 -263 421 -304 -698 636 -79 -358 -216 -538 879 -502 -773 379 150 -863 -222 -885 -928 -899
452 -142 -819 -670 -660 -270 22 -841 -904 879 -796 873 -444 337 90 -322 994 552 193 832 734 -191 199 757 -236 114 -193 756 -513 -437 -751 201 -271 226 -295 145 -726 431 722 695 217 -343 947 -639 -707 716 -655 886 -855 267 -359 -866
694 665 242 -369 529 -107 785 492 94 -492 2 -894 -703 -25 924 866 960 198 -949 522 -37 -728 -947 -209 305 -43 754 316 -539 748 -619 -919 -261 -719 0 -823 -361 -461 280 -740 881 -435 228 477 -113 585 950 774 -804 -829 564 33 9 -392 471 275 721 87 129
-491 894 -781 -656 -728 -399 -196 -872 483 -600 -575 755 82 936 817 -3 -437 103 324 -276 753 79 263 -899 934 68 -345 363 -321 -357 -219 252 436 941 944 -219 366 -576 -772 -261 957 265 -600 708 419 -556 377 381 -951 -361 771 -202 -289 -557 233 806 -320 432 -267 811 -944 -577 860 -74 548 440 405 495 -259 869 -614 878 362 -905 585
605 130 474 -704 440 480 -231 -170 -16 -189 373 -309 -73 -324 -982 843 56 -843 591 447 -659 -945 -780 772 646 -348 -17 61 -58 781 -468 693 317
-551 387 643 283 -725 921 -537 -858 -630 -714 -22 582 -215 -270 323 619 505 -270 -455 593 45 259 490 -563 185 -320 -782 -358 -49 -539 -924 782 -715 68 51 -1000 -130 185 401 -366 -113 -857 -557 344 117 685 272 -235 219 41 -801 511
-834 -628 -196 -466 -910 -987 -784 320 -808 -55 -504 -756 -907 796 113 964 212 538 -233 -498 -317 121 739 534 165 962 -693 317 -415 150 -879 -738 -143 -791 -659 959 359 290 198 -735 -374 330 812 826 -480 -413 547 -28 -761 -455 -159 -109 293 -653 -776 819 -685 737 511 -810 447 267 201 -756 -167 -160 351 429 870 279 758
284 704 -337 -220 417 365 555 -360 58 -90 -401 349 -205 -581 283 -972 410 -748 924 -208 637 -291 61 287 -620 131 72 -534 -889 140 -544 -787
-391 -304 199 951 901 -750 -647 300 943 261 510 187 -766 -419 -472 -584 580 -247 -318 -701 -681 -688 573 -771 665 50 -259 267 -681 -887 655 537 702 58 487
224 -387 444 -75 -752 -603 812 -306 -258 -640 467 -819 381 421 -325 -384 665 -326 620 589 295 -328 230 713 563 174 -46 865 188 -78 828 765 794 -175 -440 -243 83 843 348 572 -225 -456 -220 78 -191 -30
147 -609 -485 -864 -192 799 433 638 -916 171 348 -468 581 749 870 -50 -856 201 306 893 113 -483 -621 802 733
716 -708 778 -504 -928 -15 550 720 -137 967 587 881 -404 -935 -856 298 409 -180 -65 177 309 507 428 -883 -209 187 -204 342 -49 -942 504 107 205 -846 102 362 402 -919 -245 373 217 797 -242 -375 330 -424 -673 -974 -580 910 -490 -370 -246 529 701 855 -367
963 -272 534 918 -112 686 -470 9 -314 -210 812 229 769 482 -293 439 104 -20 175 562 -736 795 -813 674 793 -895 855 -376 903 534 147 171 122 -773 852 -25 41 238 394 22 225 281
-989 360 -571 -50 843 178 118 381 366 -432 -44 398 467 227 -1 570 -68 237 -873 -19 831 -981 -76 -290 -180 -635 50 -328 511 -171 -981 987 598 940 -996 610 867 804 -248 323 680 406 -398 -452 -723 523
-281 352 -616 -158 400 227 483 -606 54 697 -315 466 -464 0 534 964 461 -147 -440 -928 -602 445 -881 -263 -993 301 -943 761 831 327 844 595 -844 324 957 -459 47 -545 557 -338
104 -61 678 526 -314 -961 934 433 -308 106 7 607 -288 -925 -172 -734 987 -482 -133 -766 -487 434 16 -314 449 610 444 65 -586 -47 368 -336
374 810 501 782 834 -932 534 886 -163 639 928 268 -550 -538 869 17 780 -980 371 464 -768 -678 -96 742 -390 -216 771 -626 -143 806 711 118 193 547 266 -414 -227 -590 -520 198 -196 478 899 -955 -915 -118 724
-361 -192 -284 -771 -928 -955 958 887 -982 -573 -231 167 -434 -353 189 -875 -801 -951 -471 391 415 394 -444 662 -9 -189 -991 -412 -497 21 868 991 -68 -606 -463 -316 263 -40
-273 -6 39 911 310 -234 -552 -357 -469 -619 697 105 247 -296 -471 -721 -116 -697 -630 -341 193 979 289 345 454 305 -731 -701 743 -851 345 -643 -777 724 -411 276 -605 -824 -845 784
881 928 753 134 286 442 -593 -548 690 978 -810 767 -644 -377 -163 24 722 956 315 -257 276 -333 648 -814 -537 -128 -17 306 140 718 291 658 280 32 -334 -492 -813
792 712 -211 840 -176 118 859 931 -523 -838 -318 141 686 -560 546 -688 -895 614 254 156 154 -365 329 -787 501 -222 -917 31 311 -262 275 -947 -41 667 858 -825 154 623
966 -973 295 -256 -419 998 -471 -929 718 -182 689 -186 -973 -907 -674 -491 -340 543 388 254 -904 -256 -789 460 -960 781 678 -752 -949 176 -349 617 -37 -608 433 -993 144 -120 250 319 -717 516 386 -295 -936 -182 -320 761 480 -328 303
223 699 -523 -827 -95 755 758 6 -984 -509 589 858 -171 -957 461 -947 -496 645 124 488 898 -486 -435 -571 147 -977 35 -30 334 903 414 -8 -384 793 -691 -310 106 420 -510 -319 -556 -593 615 51 -310 -267 245 444 792 923 280 184 -428 96 497 -670 -133 233 722 -830 -780 -600 481 860 -734 -825 571 125 80 102
250 -352 -136 641 281 -547 279 -911 -649 -989 -201 456 -802 337 378 -276 184 727 -847 -149 352 -381 -364 -465 830 396 -146 437 -273 179 876 352 832 -238 -41 856 -517 807 -826 606 -994 567 55 -985 438
24 -294 177 453 -950 389 694 24 -817 105 -34 338 -719 88 631 733 37 -869 465 -137 -572 986 -17 248 462 843 991 -649 259 422 -603 -480 857 295 -106 156 180
-22 911 881 978 -254 24 -936 -515 -205 -172 660 10 -420 700 -215 27 849 503 -316 -114 -417 569 -435 -172 -535 164 -2 -775 -738 -989
21 869 114 -859 -665 848 744 38 -64 761 828 -909 27 471 -948 -583 -188 942 163 -203 965 826 -376 989 -577 -489 277 -965 -988 -58 994 -109 -619 269 628 -545 450 393 -351 -892 574 847 221 -568 952 -556 574 -447 306 -157 731 23 202 251 511 866 486 262 -885 328 335 439 648 663 -169 313
-773 345 147 92 463 -444 572 686 -688 -149 -287 -193 -899 -249 232 801 505 166 307 575 32 -475 880 -348 978 344 66 113 -75 850 837 -662 744 161 -945 886
153 -799 92 -626 -979 -344 838 131 518 -752 469 678 981 -689 -698 998 -473 -851 -469 -699 -573 -172 130 290 -408 784 608 512 -664 375 950 -602 -165 356 757 750 698 -227 745 668 -744 -424 -696 325 513 -637 -181 -179 402 364 -754 -297 844 414
-556 -50 -212 -992 -764 854 -802 215 603 -503 -787 -493 -194 753 994 357 -251 -814 -196 -449 620 -754 -796 261 -929 -327 -166 186 -522 405 836 -666 -413 -556 446 -530 820 -718 800 -545 52 -638 948 -291 -669 -421 648 -178 -813 -155 -235 -527 64 -534 -269 406 -712 720 79 592 491 93 -25 294 -394 471 -714 590 314 -225 313 -539 -951 115 -861
121 -290 146 819 -695 565 -779 -381 -686 222 -658 -900 505 367 94 249 -549 -686 503 732 646 -399 -784 -948 375 -188 418 738 38 -262 502 289 -995 -484 -803 -172 -412 -613 263 945 -917 -509 -832 659 40 -150 737 458 779 -146 -770 313 261 400 -262 561 -463
-648 -52 -128 149 33 680 -799 -715 981 -310 885 242 -925 902 222 -957 -182 748 -965 368 -266 -323 843 697 758 577 -869 41 -766 -222 -909 -965 150 943 996 58 -192 406 -974 100 -43 930 910 -892 469 471 138 350 -648 -858
-434 -506 912 481 7 129 -875 -475 63 -794 -342 949 58 -447 56 -254 817 -511 -39 567 939 918 933 -655 94 612 -44 599 122 -967 661 -250 -243 -70 -745 30 -814 -118 610 -227 -559 -731 -389 576 -824 -887 -408 307 -980 554 824 -872 -724 -472 -309 244 695 -835 -858 605 550 515 -460 135 -501 48 617 805 869 589 977 508 499 347 -206
884 -125 583 -881 -913 516 808 579 -789 -642 500 872 -379 706 7 554 349 855 -842 539 -690 78 331 528 -261 303 369
773 -726 844 772 623 10 -588 805 -487 408 769 548 447 -632 -294 -622 386 -372 96 757 858 9 299 -385 808 -38 -781 -79 -849 469 -872 -194 602 -646 -788 -740 -509 874 -941 830 720 -51 -218 69 -949 -983 615 590 -424 568 -90 -169 725 -134 -31 -336 -23 355 230 -133 -549 -247 -869 -664 -538 -234 -92 682 -843 844
-238 351 318 370 45 95 -66 373 256 750 -670 681 -516 -683 -327 984 -614 484 -543 744 409 -22 -220 987 833 725 54 53 -335 -68 -616 -437 215 649 803 251 -604 551 312
-112 244 859 170 -68 226 430 -753 -133 574 -474 808 -19 -554 429 655 833 580 877 221 -573 25 -753 -764 182 500 232 -737
731 -23 -266 505 -703 465 690 -211 833 319 42 713 975 -53 46 405 369 276 253 -79 -445 -753 278 699 857 203 618 986 -509 -712 541 -21 -572 216 571 -362 347 -584 -627 951 685 26 878 566 470 -485 448 751 42 -938 -584 875 236 -279 496 -942 -867 883 212 30 652 435 -137 -692 -27 -381 -583 -83 378 787 -542
-635 720 -331 920 -424 101 869 -592 953 -47 479 982 119 -481 747 -260 -400 989 -569 744 681 299 260 -863 -401 78 -868 557 -944 -579 636 -155 270 3 -990 -576 -175 89 -22 724 -917 -13 -868 -843 847 -853 -597 -933 -296 639 -800 753 84 117 -343 -481 986 -67 111 405 908 80
-233 -853 -269 473 -544 935 598 90 -687 -243 -149 482 430 972 -694 -269 -84 -157 479 -716 -7 601 299 67 -154 -258 -433 -214 -239 217 -258 700 127 -672 298 382 957
460 934 226 68 67 -83 -924 556 333 -560 -25 -322 420 -38 137 248 -33 746 -691 -760 193 -507 -269 -192 -477 680 -874 748 -597 -278 62 -183 -444 -568
398 -636 -241 -991 -175 552 -276 -515 -554 -979 502 378 -104 -814 -777 393 -871 -624 913 838 -925 54 -116 -123 79 -851 328 572 239 -365 943 -159 404 -361 -522 -907 -813 -292 -843 -978 768 201 249 922 -93 271 -983 -894 -876 -747 126 721 -495 361 463 -615 852 -787 226
786 207 828 190 -310 180 533 -123 -987 -101 -203 -201 945 -242 -101 574 0 -800 776 -837 612 424 -776 -858 922 35 380 -537 -966 -790 448 -843 -675 844 -192 -702 637 -662 -40 -328 287 -754 -887 -487 548 358 179 664
-542 -254 91 -213 428 -727 556 584 -113 448 725 370 -711 -594 846 189 -796 -175 -939 -533 -489 955 -180 -315 225 204 879 140 -322 -301 641 572 -831 373 -842 905 662 -920 569 995 610 -861 897 94 919 963 -204 411 700 -662 -388 129 966 252 -284 105