537 N/A 64 -538 812 688 N/A -402 N/A -936 683 N/A -644 -239 -816 N/A 94 388 995 -961 N/A 53 N/A 738 N/A -521 302 N/A 162 447 63 N/A -540 280 627 443 898 N/A -666 N/A -685 429 -257 -929 914 N/A -65 N/A -553 692 23 -145 -248 -452 -883 N/A -373 -656 -712 -77 454 -616 N/A -408 966 946
-636 797 -778 N/A -709 -45 N/A 210 209 -674 -529 944 -28 N/A 822 327 125 N/A 738 N/A 378 N/A 196 N/A 642 -617 N/A -115 N/A 80 -685 -30 759 -322 669 N/A 432 125 673 591 -696 N/A -851 -16 -759 307 N/A -646 -146 -610 N/A 735 N/A 366 -823 -205 -493
792 N/A 911 -305 -466 674 -104 -416 369 N/A 322 -164 136 N/A 409 822 71 N/A -379 -975 N/A 118 -380 -353 N/A 556 N/A -366 N/A 616 N/A -37 216 -598 -223 97 -66 -981 N/A 167 -992 N/A -546 186 -853 N/A 182 -530 279 -87 544
969 N/A -441 N/A 218 -696 N/A -301 24 -546 -723 664 -949 N/A 749 99 N/A 857 -422 440 N/A -856 906 896 263 219 -873 768 693 777 N/A -825 -39 N/A -634 -988 126 N/A 140 -909 923 N/A -274 -264 490 N/A -462 N/A 704 977 -30 N/A 795 958 N/A 910 N/A 599 N/A -467 -947 656 603 -601
324 N/A 125 N/A 212 666 N/A 973 N/A 22 365 N/A -120 N/A 117 -923 -958 351 N/A 339 383 N/A -266 N/A -543 738 957 N/A -706 -376 638 -85 -571 606 78 576 N/A -103 774 -230 -592 N/A -315 -714 273 -547 N/A -376 416 N/A 641 -826 -57 N/A 639 514 62 378 83 802 -133
398 -444 -548 459 -397 -17 N/A 986 N/A 845 N/A -352 N/A 319 -991 N/A 229 767 -571 N/A -684 N/A -602 600 538 -490 281 392 N/A 847 915 N/A -517 965 592 -358 N/A -202 571 N/A 192 N/A -868 898 -530 855 N/A -64 83 -890 -91 179 -411 N/A 404 689 N/A -640 -954 -791
-210 205 363 570 727 621 554 N/A 773 369 -301 -884 787 893 N/A 801 N/A 912 -327 -829 53 N/A -92 684 N/A -651 N/A -579 -597 N/A 963 N/A -882 N/A 703 N/A 225 -769 190 850 -849 -580 628 -876 -793 N/A -131
-491 -825 -790 280 N/A 484 397 N/A 846 N/A 170 912 406 17 N/A -766 -755 N/A -427 -212 305 -329 -417 -524 N/A -807 N/A -535 576 245 -333 N/A 514
-212 -379 403 -204 340 -676 N/A 875 N/A -440 -21 N/A 875 713 -806 N/A 903 N/A -64 N/A -20 364 -31 N/A -833 -33 66 -276 993 338 -474 -113 208 N/A 979 -480 -569 N/A 366 -319 N/A -53 N/A 733 -488 N/A 665 -955 -242 -287 636 991 N/A -246 -770 N/A -919 -359 820 N/A -127
479 998 N/A 182 -858 52 N/A -628 14 N/A 98 -918 858 -25 -67 N/A -875 -341 562 -261 N/A -797 -974 -916 -936 762 836 N/A 166 42 964 176 -791 960 N/A -488 N/A -659 N/A -290 N/A -556 N/A 304
382 -663 -187 N/A -928 395 -51 471 N/A 646 N/A -219 -338 871 470 N/A -376 N/A 185 N/A -440 -477 -684 855 977 -576 N/A 664 -328 N/A 143 -880 19 -89 N/A 58 -219 837 -473
955 N/A 235 250 750 -615 -690 N/A -536 -732 N/A 707 729 N/A 391 893 -588 57 N/A -928 -964 251 N/A -490 601 N/A 655 656 706 N/A 729 813 -630 903
-884 973 N/A -573 806 315 N/A -748 N/A -193 710 780 -145 -731 -210 N/A -492 N/A -604 -12 -975 -203 -700 N/A -492 35 -463 473 N/A 437 -381 N/A -641 -27
116 N/A 523 558 211 N/A -485 N/A -494 N/A 24 -2 -667 N/A -939 95 -347 563 -568 N/A 441 306 N/A 510 N/A 55 N/A -501 -889 -558 287 339 N/A -669 705 N/A -322 118 598 -950 304 -809 N/A 871 -585 606 N/A 251 -34 -758 756 -383 523 N/A 370 708
-343 -53 -491 -657 N/A 358 863 -433 -912 N/A 451 N/A 886 697 678 N/A -691 N/A 797 -499 N/A 960 388 N/A -246 -705 N/A 956 -139 554 181 -470 895 N/A 411 N/A -440 606 -972 -509 722
941 885 -633 N/A -238 N/A 584 -152 -434 N/A 983 -643 506 -260 -103 -423 N/A -608 457 N/A 367 192 -120 8 964 N/A 960 N/A -333 908
-464 -506 -488 N/A -612 541 N/A -494 424 689 -774 -556 -7 N/A -633 -487 N/A 523 770 63 529 N/A -764 -618 N/A 318 435 N/A 591 -973 N/A -880 -391 414 -533 643 -648 N/A 409 N/A 918 93 -552 440 -652 N/A 254 N/A -119 N/A 166 615 N/A -919 788 468
376 N/A -220 220 -353 742 N/A -517 N/A 823 489 -365 945 -512 N/A 503 269 683 707 N/A 171 500 N/A 103 N/A 134 -779 N/A 695 478 N/A -32 -67 442 N/A -352 299 -988 -48 95 -61 325 964 N/A -525
-210 N/A -403 N/A -596 -639 -577 -716 -219 -887 N/A 253 N/A -59 N/A -163 820 818 -906 -696 443 -426 301 N/A -249 341 575 N/A -65 N/A 460 79 -525 134 -100 -700 N/A 918 N/A 79 -703 -174 N/A -241 9 -850 N/A 559 -462 546 N/A 670 N/A -248 -132 -279 -335 N/A -729 672
-604 N/A 269 917 978 -507 964 N/A 626 78 N/A 861 1 N/A 387 -484 -416 N/A -210 -955 415 -313 N/A -220 303 16 722 N/A -355 703 N/A 220 -565 N/A 763 -51
757 N/A 819 914 -513 -786 747 617 N/A 209 198 -474 801 203 -137 N/A 905 -689 166 N/A 763 -758 N/A 152 N/A -131 -408 N/A -277 N/A 33 682 -910
-725 N/A -824 -573 816 -784 N/A 819 905 N/A 227 -200 -833 N/A -894 809 -920 470 N/A -714 594 940 733 450 890 N/A 974 824 -131 -352 -821 N/A -784 -318 N/A -588 844 970 N/A -733 N/A -967
214 N/A -764 698 -625 268 159 684 306 N/A -943 N/A -151 -625 -204 -113 N/A -846 N/A 725 N/A 482 N/A 429 322 129 -783 -561 854 776 728 N/A -251 -775 813 75 N/A 692 830 -400 -909 N/A 579 612 548 N/A 40 748 N/A 436 -945 N/A 653
495 N/A -95 -360 N/A -823 -407 -440 -631 -447 -116 -21 N/A -438 N/A 803 499 -340 -14 -630 N/A 718 N/A -530 162 798
380 -887 N/A 335 771 -250 544 170 N/A -619 N/A -304 N/A -493 988 N/A -141 842 781 N/A -657 213 285 910 -650 -379 504 -853 -914 -977 -85 364 N/A 193 -580 -625 N/A 694 N/A -991 -143 N/A 863 -4 -392 N/A -436 135 -416 N/A 262 N/A 276 826 N/A -785
577 N/A 327 612 N/A 477 N/A -871 N/A 1 102 -395 81 571 N/A 585 N/A -255 -936 -986 N/A -688 -25 -550 431 377 -488 -524 -472 539 288 179 N/A 889 -752 -106 736 N/A -658 28 N/A -870 -973
-614 809 -607 N/A 696 950 918 -895 -615 N/A -920 155 -94 725 N/A -692 -866 N/A 872 936 N/A 467 -638 N/A -255 N/A -460 301 N/A -797 -867 N/A -457 -589 -385 N/A -993 349 278 -749 N/A 55 384 990 -626 442
-568 N/A -847 N/A 56 N/A -799 N/A 582 863 -532 852 640 N/A 894 -637 642 164 -827 356 190 N/A 366 -955 N/A 994 -601 467
321 N/A -170 -837 -717 821 -530 610 531 916 -552 N/A -178 607 124 N/A -607 479 -831 823 -629 562 N/A 633 995 2 N/A 539 N/A 572 146 558 -110 -210 N/A -214 N/A -291 N/A -516 387 N/A -297 N/A -961 -801
392 110 -976 -499 724 57 138 N/A -305 N/A 921 N/A 234 N/A 423 N/A -865 -735 N/A -991 N/A 394 -785 N/A -25 -187 19 967 -387 -172 -745 -914 967 431 N/A 728 N/A -567 648 -460 -667 -622
724 -485 -785 N/A 39 438 N/A -789 N/A -263 555 175 N/A 694 -312 -396 947 N/A -593 123 242 191 N/A 549 -592 -508 634 N/A -165 -430 N/A -846 920 N/A 683 324 N/A -522 -619 -547 N/A 392 -146 -880 406 922 453 N/A 925 -936 N/A 545 21 573 N/A -649
288 N/A 105 -873 444 N/A -867 -705 413 N/A -959 N/A 136 189 198 N/A 201 574 N/A 519 -320 727 -143 700 24 N/A 884 -536 136 221 -248 N/A -912 388 -123 418 -896 407 N/A 181 N/A -445
745 -414 -718 N/A 285 -907 225 -607 -177 N/A 150 N/A -996 -598 -945 N/A -442 167 N/A -73 -213 -280 388 N/A 73 96 N/A -316 N/A 737 510 N/A 432 N/A -953 912 964 -799 222 -740 71 -905 70 N/A 955 -738 847 435 -997 N/A -708 243 N/A -367 217 -553 -904 536 N/A -458 N/A -947 545
-483 N/A 720 N/A -166 27 293 -666 N/A 609 155 -118 270 -934 -485 -130 N/A -421 -159 N/A 580 N/A -15 889 -846 -34 996 145 356 176 N/A 603 -638 -57 N/A 541 N/A 440 577 -881 71 871 -473 801 -484 -829 -982 N/A -627 N/A -763 -919 -405 N/A -472 -919 N/A -915 179 N/A -658 N/A -515 N/A -551 -12 281 N/A -14
-81 584 605 -843 993 N/A -776 N/A -973 N/A 85 N/A -179 -803 401 -570 630 475 -82 N/A -771 360 134 N/A -145 21 N/A 466 -216 73
702 -866 -851 N/A -315 N/A -894 605 568 616 -988 N/A -853 -651 236 N/A 787 -762 706 74 N/A -546 N/A 781 N/A 318 -180 -557 -436 947
-703 -280 -982 313 845 975 N/A 562 -462 N/A 360 N/A 618 475 N/A -667 N/A 182 -430 N/A -27 -856 -623 -472 869 808 N/A 566 -441 -945 N/A -954 871 614 636 508 N/A 831 418 560 621 N/A -830 780 -10 N/A -108 N/A 486 924 N/A 946 471 342 N/A 735 -15 N/A -157 830 N/A -630 288 826 59 933 -366 N/A -571
332 N/A 480 -919 529 N/A 104 N/A -511 N/A -258 N/A 850 51 -63 881 -980 N/A 770 -277 N/A 174 485 702 -196 N/A -771 -706 308 -929 790 341 772 864 164 N/A -340 N/A 87 564 N/A 835 858 490 -262 -766 440
338 -671 707 -130 -759 -227 N/A 395 N/A 54 174 N/A -178 -367 N/A -429 N/A 467 N/A -522 841 738 957 -450 -120 N/A 1 158 -549 N/A 402 615 -633 -134 934 N/A 273
-403 -414 N/A -968 -46 -107 840 693 744 N/A -556 380 -146 N/A 375 N/A -663 901 -932 91 613 N/A -472 771 313 N/A 361 N/A 907 -847
370 N/A 141 N/A 705 608 -516 N/A 159 N/A -450 820 979 -300 148 -442 N/A -56 -375 407 493 N/A -174 N/A 610 143 N/A 121 497 596 935 N/A 277 811 130 N/A -955 -603 N/A -536 304 N/A -772 755 N/A 702 -420 -107 311 482 -872 317 902 N/A 69 N/A -271 -804 N/A 844 -260 -306 -747 920
-696 -376 27 N/A 115 N/A -237 -442 926 52 -914 984 -980 33 707 -132 962 -422 N/A -159 94 264 N/A -623 409 N/A -194 N/A -308 N/A 380 N/A 348 -588 N/A 109 -329 377 260 -597 N/A 679
-928 N/A 222 843 N/A 184 N/A 202 -92 N/A -973 718 590 137 442 100 N/A -938 94 N/A -894 817 234 -710 509 -994 -419 N/A -817 339 N/A 761 -862 83 N/A 955 -730 -590 N/A 97 160 468 567 239 N/A 808
327 N/A -153 122 -515 -607 N/A 602 N/A 338 N/A 87 N/A 235 203 657 713 825 N/A -826 N/A -126 810 449 296 -121 N/A -229 -130 N/A -772 -349 -450 46 -357 79 936 743 613 850 N/A 407 -734 N/A 975 N/A 778 719 642 -875 N/A 858 -442 308 26 N/A -60 -859 140 N/A 642
614 N/A 155 659 N/A 430 -794 862 -705 N/A -790 75 -258 459 641 N/A -555 N/A -479 -452 -583 456 N/A 510 -425 N/A 145 765 465 -561 -307 147 -515 197 N/A -545 N/A 161 620 N/A 210 644 -927 N/A -134 -767 N/A -793 105 N/A 667 -282
808 408 N/A 603 86 -355 N/A 71 N/A -492 -160 N/A -449 N/A -421 -529 N/A -877 -88 316 -973 N/A -541 -952 -409 195 837 312 N/A -678 N/A -454 N/A 409 -713 N/A 671 N/A 437 -125 925 308 823 -501 -511 633 582 70
-973 N/A 762 N/A -124 -259 467 N/A -86 N/A -943 N/A -12 -147 591 N/A 314 N/A -964 752 526 171 -669 N/A -937 -906 805 -385 974 N/A 427 -47 -534 -10 -881 N/A -958 N/A -499 N/A 868 427 -589 -496 -407 N/A -722 880 -788 279 109 N/A -378 -110 -272 -515 -560 N/A 502 551 N/A -537 N/A 440 143 28 331 701 60
256 60 N/A -926 249 N/A 131 N/A 423 N/A -872 -562 -507 839 -985 -69 877 -505 N/A 810 316 N/A -225 N/A -749 -76 -588 79
-682 -987 156 713 -5 N/A 378 836 -942 -71 N/A -395 -798 N/A 759 N/A 223 656 N/A 784 N/A -115 290 -648 N/A 272 52 767 N/A 175 255 -137 -228 -654 -892 N/A 814 963 N/A -757 945 559 -789 N/A 45 -192 -845 N/A 854 -434 -295 N/A -882 611 812
873 753 -908 N/A 718 -411 -698 463 N/A -853 N/A 18 373 -527 N/A -778 975 -334 228 N/A -278 -548 N/A 245 N/A 767 -447 -555 317 553 925 N/A 844 N/A 818 N/A 823 810 -796 709 -131 -155 639 -413 N/A -662 857 991 600 N/A -262 112 170 N/A 158 N/A -308 117 680 N/A -408 877
11 204 N/A -579 -242 N/A 749 N/A -193 330 -888 -700 N/A -825 264 N/A 303 -550 229 -14 N/A 56 N/A 747 895 864 -672 N/A 152 702 -46 694 -10 143 388 N/A 58 490 199 N/A -698 N/A 686 N/A -70 915 -601 -290 N/A 684 984 -718 517 -873 -894 415 -410 N/A -800 828 589 N/A -991 -321 810 N/A 280 N/A -972 -794 N/A -896 533 854
481 -748 500 N/A -944 -886 N/A 786 855 629 757 N/A 523 -936 96 N/A 412 N/A -164 -165 N/A -833 -781 -807 N/A -380 975 433
772 219 N/A -916 -165 N/A 695 -562 N/A 854 -178 835 864 -345 N/A -742 -234 N/A -748 N/A 972 N/A -99 N/A -266 91 3 149 -147 -748 -485 600 N/A 845 N/A -34 -39 945 9 N/A 39 -985 -320 493 -148
-214 952 562 N/A -822 N/A -525 N/A 112 -473 N/A -705 226 -408 -142 N/A 724 441 N/A 926 558 -97 815 308 -914 -112 N/A 963 N/A 831 562 856 -332 -30 -637 476 N/A 813 N/A 623 880 -743 N/A -835 -231 N/A -281 180
810 -662 873 -805 -440 N/A 572 N/A -573 -54 -439 N/A 612 N/A 743 794 513 N/A -202 -239 N/A -732 N/A -453 N/A 301 67 -171 N/A -929 -720 963 -686 -955 -555 625 -259
-971 382 N/A 568 691 -848 N/A -104 N/A 904 154 N/A -299 -832 -937 -180 770 N/A 56 -446 -151 -663 870 N/A -507 -802 163 936 715 467 -89 -523 640 -978 N/A -454 N/A -471 485 N/A 84 242 N/A 239 -891 N/A 357 -709 N/A -451 431 -240 N/A -533 766 N/A -61 N/A 984 -363 N/A -780 905 184 -187 -542 N/A -770 -417
442 N/A 225 N/A 566 N/A -554 -840 -251 -873 59 -485 -45 -40 N/A -407 618 628 606 92 301 730 N/A 1 -634 N/A 959 197 -263 725 661 -453 N/A 947 -525 N/A -660 N/A -662 305 N/A 975
-433 -84 71 N/A -569 N/A -605 139 -776 -497 N/A 979 416 808 386 656 N/A -806 N/A -12 127 610 603 N/A -403 -286 -137 N/A -807 862 924 N/A -47 -933 433 N/A -522 248
-821 -66 77 -392 665 N/A 988 -268 -797 N/A 511 -147 N/A 408 242 -439 950 -890 -454 -775 N/A -936 N/A -794 N/A -792 N/A 902 359 -939 -356 N/A 727 -427 895 N/A -224 N/A 190 N/A 420 N/A -11 527 -953 -13 -735 N/A 627 -194 83 -48
-940 -653 -931 246 553 -739 N/A 480 N/A 809 N/A -301 856 682 N/A -639 273 770 -629 577 -610 974 N/A -225 N/A -854 569 -359 -772 N/A -670 844 159 -15 N/A 455 2 N/A 892 -185 181 296 147 -194 N/A 10 -953 -796 481 862 -518 996 342 N/A 948 N/A -70 N/A -276 N/A 10 685 N/A 448 N/A 567 N/A -527
-75 N/A -404 56 N/A -472 192 N/A -262 -907 -239 N/A -210 761 N/A -373 963 -687 -586 206 -138 -518 -31 N/A -55 -428 -625 N/A -13 N/A 811 -411 N/A 575 N/A -678 -996 -18 527 N/A -885 320 N/A -622 -603 -233 N/A -152 567 -404 N/A -149 335 N/A -232 738 N/A 392 -163 61 -399 250 -322 -441
-310 -872 369 -569 N/A 15 N/A 536 -41 477 684 N/A -75 941 N/A 971 185 N/A -926 -955 N/A 333 -828 -98 999 -294 N/A 924 -377
669 N/A -514 N/A 510 -917 -461 N/A -918 -605 N/A -90 -62 -602 653 -81 N/A 382 -80 N/A -704 502 -676 375 791 313 421 211 -715 N/A 281
-901 169 -44 787 N/A 471 N/A -977 -406 101 N/A 982 589 -244 N/A 138 -268 292 160 310 -713 N/A 434 -90 -696 -335 361 N/A -533 N/A 845 -7 N/A -868
580 964 -44 295 N/A 612 -941 -612 N/A 178 -678 -223 -909 923 -217 N/A -102 -77 939 N/A 716 269 -536 N/A -337 16 N/A -183 -211 188 N/A -293 -12 633 N/A -899 -12 N/A -630 -759 -286 N/A 833 38 -877 -667 70 -511 283 N/A 352 N/A -56 N/A 144 844 482 682 N/A 615 -720 488 N/A -353 N/A -116 976 -772 N/A -442 -33 260 N/A -1 -270
639 -366 N/A 333 -384 N/A -621 -746 294 547 -596 N/A -931 N/A 539 -942 -988 -650 -996 N/A -462 N/A 337 -278 -576 -606 742 468 -957 N/A -670 -952 -246 428 N/A -332 -896 N/A 735 -337 -822 128 702 N/A -296 N/A 862 -636 -689 N/A -334 N/A -774 N/A -267 -718
582 -969 N/A 235 -555 N/A 399 -160 620 283 -815 N/A 200 825 121 967 642 -128 -994 N/A 833 N/A -319 -924 N/A 858 N/A -24 454 N/A -874 -799
182 -11 886 -584 N/A -964 -22 632 N/A 908 -845 -884 273 -438 N/A 423 -198 -740 -736 N/A 945 -19 -799 -505 -332 N/A 596 -940 163 N/A 439 -654 582 N/A -343 N/A 106 -739 N/A 203 761 N/A 961 855 -265 N/A -301 N/A -529 593 -941 577 N/A -866
292 -951 -582 -738 -369 251 N/A -97 -166 -999 N/A -221 N/A -247 N/A -458 N/A -654 577 -129 -665 133 503 -157 N/A 694 N/A 379 38 -171 979 -625 N/A 305 802
-76 N/A 294 -179 34 -642 -495 N/A -743 N/A 179 N/A -311 N/A -322 -849 -441 -953 829 479 330 -519 -419 685 N/A -630 252 N/A -205 N/A 421 529 N/A 336 N/A -882 -857 N/A -914 813 -757 -391 459 -795 -566 697 306 -792 N/A 300 -219 N/A 312 -826 124